2.91129981519 1.7582950345 -1.90089917487 1.35230077013 2.99480063066  -0.162006 -8.460894 -7.85575 -1.84671 0.424438  5.03358578682
1.32320459039 1.55349742879 -3.63447712501 1.19249989874 2.81139356658  -0.057486 2.022462 6.1573 1.716354 -0.664489  10.1003439426
2.60659553542 1.52999589913 -3.60789925116 1.20900432212 3.28940237555  0.668928 3.407352 2.89775 2.429691 -0.567077  15.1669139862
2.02669982223 1.35620138246 -1.95080337417 1.30849546411 3.55039792861  -0.350142 -4.99083 -4.56605 -0.260712 0.20874  20.2003068924
2.92910217356 1.53459752683 -3.61699416189 1.18761051862 2.70780950458  0.527826 1.583478 6.3047 2.143632 -0.62622  25.2336809635
2.93230418146 1.51750001296 -3.61909902897 1.1748007852 2.78980064806  -0.125424 3.731364 4.72685 2.277609 -0.563598  30.300442934
2.91150119934 1.73659589293 -1.92871797782 1.36230076928 3.01099531955  0.015678 -11.86302 -4.958 -1.564272 0.445312  35.3669598103
2.89980078054 0.869999642485 -2.11790468742 1.08440256279 2.76699091549  0.041808 2.618226 0.335 0.50694 -0.403564  40.4003338814
2.9253967053 0.804801525716 -2.39549581429 0.972499917421 3.00261036451  0.146328 6.621342 3.31315 1.057332 -0.608825  45.4670219421
2.8995993964 0.825101047478 -2.48060155927 0.980309651272 2.99730063044  -0.02613 6.537726 2.7939 1.84671 -0.45227  50.5336709023
2.90049555584 0.831797070281 -2.66570419842 0.967300802819 3.06079620027  -0.031356 7.018518 5.0451 2.009655 -0.361816  55.5669128895
2.90199586772 1.76520251065 -1.94269806513 1.34738926612 2.97679178263  -0.10452 -12.218388 -5.22935 -1.636692 0.636657  60.6002688408
2.93449926863 1.51480146543 -3.59079327916 1.18280963408 2.76999976479  0.486018 2.424864 5.35665 1.553409 -0.73059  65.6336917877
2.91190396762 1.70049778503 -2.56870752524 1.20530963217 4.61511022758  0.39195 -4.368936 -1.5276 0.774894 0.006958  70.6669309139
2.89479638455 1.76370219877 -1.9114078023 1.34630519541 2.59119447024  0.083616 -13.812318 -7.5509 -1.792395 0.292236  75.7003238201
2.90990019539 0.770314490977 -2.34450776552 0.944889300297 2.86030949163  0.10452 4.672044 3.29975 1.940856 -0.476623  80.7670059204
2.91789514592 1.77149576516 -1.92879651763 1.35369457532 2.93400417564  0.120198 -5.847894 -5.9094 -1.441158 0.601867  85.833594799
2.91300151121 1.50920298621 -3.56608465294 1.20179193335 3.32809706253  -0.073164 1.67232 5.57775 1.893783 -0.560119  90.9003279209
2.92040237852 1.5300965912 -3.6272985858 1.17829636012 2.89360594898  0.595764 2.132208 5.38345 1.857573 -0.956725  95.9669878483
2.91780452306 0.851703892961 -2.57849358636 0.95710168864 2.96949089829  0.28743 4.4421 3.819 1.929993 -0.445312  101.033634901
2.90209655979 1.47529996549 -3.5437793451 1.19170343863 3.34070768093  -0.015678 4.065828 5.65145 1.799637 -0.372253  106.066999912
2.90290209637 0.79510487916 -2.37879824933 0.961194608647 3.01710151372  -0.10452 6.981936 1.943 1.607724 -0.657531  111.133619785
2.92910217356 0.840698249466 -2.54390465124 0.978694607161 2.84840683778  -0.020904 3.297606 4.15735 2.067591 -1.109801  116.167037964
2.92819594491 0.968003236387 -1.5740007513 1.42559722408 2.83849533419  -0.381498 -3.506646 -5.2863 -1.325286 0.354858  121.233648777
2.93539542808 1.38189799929 -3.38049506693 1.13659282384 2.74219003264  0.203814 1.452828 6.0166 1.752564 -0.615783  126.266940832
2.89509846077 0.836801466271 -2.54709336779 0.961194608647 2.97039797786  0.141102 8.3616 3.54765 1.716354 -0.396606  131.30039382
2.92289954191 0.782498231717 -2.35500068498 0.959800803456 2.84909267843  0.02613 5.372328 1.3266 1.600482 -0.890624  136.366991997
2.89479638455 1.4702955695 -3.54817757482 1.16210167123 2.63880508566  0.083616 4.20693 6.07355 1.542546 -0.424438  141.433642864
2.91529729046 1.76060088295 -1.9371060302 1.36011050398 2.90849532825  0.07839 -7.337304 -6.74355 -2.154495 0.577514  146.500256777
2.89509846077 0.798598894067 -2.3945062126 0.959203458374 3.00650416949  0.360594 6.987162 2.3584 1.575135 -0.685363  151.533603907
2.90689957164 1.69220075828 -2.50059779651 1.20980078223 1.25889369841  0.05226 -10.148892 -2.97815 -0.488835 -0.066101  156.566960812
2.90580202805 1.76700489874 -1.91839784595 1.34400431065 3.04280947614  0.44421 -6.877416 -7.4035 -1.33977 0.647094  161.600259781
2.89830046867 0.808799000984 -2.43930532384 0.96030965297 2.82469002563  0.297882 6.893094 2.9748 1.488231 -0.612304  166.633597851
2.92180199833 1.52469949613 -3.62459681612 1.18261051905 2.83360595408  0.083616 2.236728 6.37505 1.549788 -0.671447  171.666982889
2.9154986746 1.76719621368 -1.91131355452 1.33639369183 3.07389354429  -0.125424 -11.52333 -7.40015 -1.908267 0.601867  176.733623981
2.90519787561 1.44599857247 -3.53989947818 1.15488928247 3.23980060985  0.151554 4.222608 4.2344 2.636088 -0.633178  181.766955853
2.92490331415 1.61810146233 -1.84579563973 1.38369457277 2.91159267312  -0.276978 -5.001282 -7.8658 -1.719975 0.372253  186.800374985
2.91000088746 0.798508271202 -2.34540311943 0.967699032873 2.73829622766  0.5226 4.044924 2.84415 1.672902 -0.525329  191.867003918
2.90679887956 1.503604507 -3.61149637475 1.16988928119 2.59230066483  0.637572 1.745484 6.33485 2.328303 -0.775817  196.933706999
2.89819977659 0.835603230612 -2.5133055388 0.978495492134 3.05172540458  0.057486 7.170072 2.4589 2.067591 -0.59143  202.000305891
2.91519659839 1.76597783961 -1.92560780109 1.34699103606 2.86960152624  0.20904 -12.871638 -5.60455 -1.853952 0.281799  207.033675909
2.89590399735 1.57079632679 -1.85009962166 1.37860607763 2.87659267609  0.637572 -8.926008 -6.03335 -1.585998 0.497497  212.100366831
2.91290081914 1.70429387616 -2.58549933798 1.2117919325 4.63050845636  0.114972 -5.19987 -1.26965 0.930597 0.062622  217.166966915
2.92450054586 1.69329830187 -2.54880553578 1.19219016425 1.15749990171  0.229944 -6.448884 -3.30645 -0.684369 0.083496  222.200343847
2.91819722214 0.826299283137 -2.55650243779 0.957389299236 2.76150419029  -0.099294 7.279818 3.0016 1.748943 -0.379211  227.267028809
2.93380449334 1.54810033371 -3.62640323189 1.19719016383 2.74039799739  0.031356 1.661868 4.5828 2.31744 -0.928893  232.333693981
2.89450437754 1.56850054755 -3.61570610891 1.22238927673 3.32400414253  -0.120198 1.740258 3.50075 2.505732 -0.608825  237.367006779
2.90120040035 1.75770095127 -1.91560182849 1.35590696451 2.52469005111  -0.219492 -6.443658 -7.6313 -2.049486 0.285278  242.433645964
2.92340300227 0.79340318314 -2.40030245105 0.954999918907 3.00780947911  0.07839 7.013292 3.61465 1.8105 -0.758422  247.500280857
2.89580330528 1.4919040882 -3.5578065563 1.1959069781 3.33238909757  0.695058 1.421472 6.09365 1.926372 -0.821044  252.533579826
2.92460123793 1.76070157502 -1.9166228461 1.3405972313 3.08119442863  0.05226 -12.014574 -7.2829 -1.745322 0.574035  257.567039967
2.91720037062 1.75599925525 -1.96428080666 1.37199103394 3.03710151202  -0.114972 -5.874024 -3.6917 -1.770669 0.507934  262.633671999
2.91519659839 1.76060088295 -1.93140403954 1.34210165595 2.94829620983  0.250848 -10.60878 -7.0685 -1.100784 0.553161  267.700412989
2.91999961023 1.76530320272 -1.91360691715 1.34369457617 2.56449093268  0.005226 -10.13844 -5.33655 -1.509957 0.093933  272.766962767
2.92460123793 1.31590441515 -2.91739289387 1.11480079029 2.46610598528  0.224718 0.961584 3.4103 1.017501 -0.233093  277.833582878
2.92460123793 1.76309804634 -1.90061643153 1.32960165701 3.18090680954  0.067938 -6.694506 -7.58105 -1.404948 0.358337  282.867005825
2.89469569248 1.75030008396 -1.93119983601 1.36300873382 2.52511040505  -0.172458 -8.612448 -5.0987 -2.263125 0.38269  287.933658838
2.91669691026 1.74579914833 -1.92799541151 1.33219015237 3.56199084798  0.114972 -5.257356 -5.3399 -0.706095 0.532287  293.000321865
2.89870323696 1.70720387705 -2.59869402712 1.22369458636 4.62920314674  -0.271752 -5.320068 -1.03515 0.923355 0.017395  298.066774845
2.89450437754 1.6991988573 -2.52549491829 1.19320786328 1.17019901568  -0.13065 -8.23095 -3.6247 -0.825588 -0.055664  303.100319862
2.91809653007 1.77049891365 -1.94042041045 1.34559723087 2.86511037618  -0.538278 -13.22178 -6.75695 -1.640313 0.716674  308.167024851
2.90399963995 1.75429755923 -1.92370713754 1.34849546072 3.0694908898  0.02613 -6.171906 -3.3902 -1.560651 0.584472  313.233662844
2.91880137457 1.54759687335 -3.6329848685 1.20929193271 3.3534067949  -0.020904 3.490968 5.3399 2.799033 -0.674926  318.267019987
2.89459500041 1.75490171166 -1.87840537147 1.35150431002 3.33610591141  -0.047034 -11.763726 -7.4906 -1.763427 0.469665  323.33362484
2.91659621819 1.73020194634 -1.91209895268 1.3657963442 3.12880504406  -0.0 -5.267808 -3.69505 -1.462884 0.163513  328.400222778
2.92470193001 1.75279724735 -1.86830515109 1.36469014961 2.77449091485  0.083616 -14.381952 -7.4437 -1.890162 0.427917  333.43361783
2.9253967053 1.51399592885 -3.59750057948 1.19800874783 3.34869440592  0.355368 3.992664 3.91615 2.596257 -0.507934  338.500273943
2.91880137457 1.75699610676 -1.91142351026 1.35800873424 2.9817917822  -0.0 -12.667824 -7.0618 -2.147253 0.27832  343.533636808
2.91330358743 0.796101730676 -2.41709426378 0.956592839126 3.01969000907  0.177684 3.611166 3.2294 2.024139 -0.414001  348.567024946
2.90649680335 0.843698873219 -2.55769624299 0.980707881326 2.7305086177  0.18291 4.504812 4.18415 1.756185 -0.935851  353.633649826
2.93520411314 1.69049906226 -2.50920576039 1.18488927992 1.22969016107  0.057486 -4.269642 -2.8475 -0.572118 -0.003479  358.700369835
2.9193954578 1.75449894337 -1.94610669316 1.36679191934 2.84499975842  0.616668 -7.96965 -5.5007 -1.767048 0.935851  363.76700592
2.91490459138 1.76329943049 -1.92279607567 1.34409280622 2.79150418774  -0.07839 -10.148892 -7.31975 -1.415811 0.490539  368.833593845
2.89850185281 1.54589517733 -3.65599703469 1.20139370329 2.70380508014  0.062712 3.480516 4.8508 2.447796 -0.424438  373.866982937
2.92210407454 1.548503102 -3.6526983624 1.19460166847 2.7474997667  0.13065 0.977262 4.3081 2.161737 -0.306152  378.933607817
2.93409650034 1.77179784138 -1.94370337478 1.34710165552 2.93909267078  -0.125424 -5.821764 -7.0149 -1.843089 0.466186  383.966983795
2.90359687167 1.75459963544 -1.96809784173 1.36920342356 2.88949090509  -0.067938 -7.985328 -3.7185 -1.745322 0.504455  389.033584833
2.9154986746 0.779799684181 -2.38999802714 0.954291954366 2.78710153325  -0.172458 8.669934 3.33325 1.857573 -0.577514  394.066922903
2.8989046211 0.801096057458 -2.41949758216 0.986703456038 3.12849530957  0.438984 2.82204 3.08535 2.071212 -0.782775  399.100222826
2.89450437754 0.770395044635 -2.36379714441 0.940796380291 2.94238913068  -0.172458 6.616116 2.0033 1.343391 -0.779296  404.13365984
2.91519659839 1.76589728595 -1.91399961624 1.3457963459 2.58139358611  0.292656 -12.913446 -4.6163 -1.84671 0.358337  409.200303793
2.91649552612 1.76240327104 -1.93550381795 1.35570784948 2.98869443648  0.198588 -7.462728 -4.3684 -1.517199 0.563598  414.267196894
2.90649680335 0.833297382157 -2.45620709232 0.980398146839 2.67920331232  0.162006 6.124872 2.38855 1.651176 -0.699279  419.33361578
2.91369628651 1.75999673052 -1.93669762316 1.355398115 3.02809708801  0.10452 -14.235624 -3.5242 -1.531683 0.389648  424.367014885
2.92020099438 1.5715011713 -3.64030477938 1.22511051544 3.32179175333  0.438984 1.797744 5.91275 1.712733 -0.535766  429.433652878
2.9173010627 1.76469905029 -1.92929917246 1.34219015152 3.03900416673  -0.07839 -8.931234 -7.21925 -1.415811 0.351379  434.466934919
2.93539542808 0.838795169301 -2.49139293004 0.98511053582 2.67309711815  0.172458 7.347756 2.5393 1.173204 -0.580993  439.500323772
2.92880009735 1.48829931202 -3.57678177593 1.16409282151 2.67079623339  0.07839 3.835884 4.8441 2.263125 -0.744506  444.533908844
2.9094974271 1.67149846823 -2.48350753248 1.18429193484 1.24030962919  0.162006 -7.363434 -3.95635 -0.738684 -0.132202  449.600327969
2.90939673503 1.44119556063 -3.49530457046 1.16199105177 2.69309711645  0.099294 2.466672 5.226 2.118285 -0.500976  454.633605957
2.92450054586 1.76189981068 -1.92361288976 1.35969015003 2.9184953274  0.31356 -12.145224 -4.8977 -1.937235 0.403564  459.666978836
2.89649808057 1.66910199691 -1.90309828973 1.36840696345 2.9598891292  0.28743 -8.398182 -6.3248 -1.633071 0.309631  464.733593941
2.93429788449 1.47410172983 -3.53067890374 1.19659281875 3.3386059112  0.20904 1.729806 6.0568 1.803258 -0.761901  469.766980886
2.89459500041 1.75609994732 -1.93930514506 1.36139368971 2.50309713259  -0.088842 -6.464562 -7.37 -1.969824 0.361816  474.833658934
2.91509590631 1.76328936128 -1.88619652125 1.3469025405 3.03539797234  0.05226 -10.274316 -6.23435 -1.62945 0.727111  479.900322914
2.91490459138 1.57249802282 -1.81940626144 1.36999988367 2.8996015237  -0.334464 -8.669934 -6.5861 -2.045865 0.354858  484.933760881
2.89469569248 1.7582950345 -1.95059917065 1.35988926506 2.91550860199  -0.0 -6.631794 -4.4086 -2.006034 0.574035  490.000300884
2.91389767066 0.816602636582 -2.47739713477 0.961504343134 2.88110595004  -0.094068 7.922616 3.29305 1.372359 -0.713195  495.033675909
2.8963973885 1.52540434063 -3.61358553387 1.1799998998 2.68960154153  0.125424 1.546896 5.8357 2.270367 -0.535766  500.100342989
2.91829791421 1.66620206523 -2.55959690655 1.19159281917 1.16190255621  -0.203814 -3.595488 -3.3031 -0.561255 -0.010437  505.16699481
