2.91129981519 1.75831517291 -1.90096200672 1.35230077013 2.99480063066  -0.005226 -8.633352 -6.3382 -1.843089 0.494018  5.03363394737
1.32320459039 1.55349742879 -3.63449283297 1.19249989874 2.81139356658  -0.047034 3.051984 6.097 1.948098 -0.587951  10.0670130253
2.60660560462 1.52999589913 -3.60789925116 1.20900432212 3.28940237555  0.360594 3.010176 3.0954 2.400723 -0.741027  15.133728981
2.02669982223 1.35620138246 -1.95081908214 1.30849546411 3.55039792861  -0.20904 -5.80086 -4.04345 -0.293301 0.327026  20.1670029163
2.92910217356 1.53458745762 -3.61699416189 1.18761051862 2.70780950458  0.33969 1.85523 4.25115 2.187084 -0.671447  25.2335979939
2.93230418146 1.51750001296 -3.61909902897 1.1748007852 2.78980064806  -0.02613 2.074722 5.3868 1.95534 -0.702758  30.2670190334
2.91150119934 1.73659589293 -1.92871797782 1.36230076928 3.01099531955  0.02613 -11.972766 -4.8106 -1.567893 0.323547  35.3336889744
2.89980078054 0.869999642485 -2.11790468742 1.08440256279 2.76699091549  0.073164 2.179242 0.4958 0.597465 -0.420959  40.3670189381
2.9253967053 0.804801525716 -2.39549581429 0.972499917421 3.00261036451  0.125424 6.882642 3.03175 1.028364 -0.647094  45.4339058399
2.8995993964 0.825101047478 -2.48061726724 0.980309651272 2.99730063044  -0.120198 4.802694 2.7336 2.035002 -0.699279  50.500305891
2.90049555584 0.831797070281 -2.66570419842 0.967300802819 3.06079620027  -0.318786 5.570916 3.4103 2.288472 -0.354858  55.5336589813
2.90199586772 1.76520251065 -1.94269806513 1.34738926612 2.97679178263  -0.141102 -8.460894 -5.1255 -1.792395 0.629699  60.6002750397
2.93449926863 1.51480146543 -3.59079327916 1.18280963408 2.76999976479  0.67938 3.50142 3.81565 2.107422 -0.6958  65.6336610317
2.91190396762 1.70049778503 -2.56870752524 1.20530963217 4.61511022758  0.412854 -4.1808 -1.5879 0.749547 0.017395  70.6669909954
2.89479638455 1.76370219877 -1.9114078023 1.34630519541 2.59119447024  0.015678 -13.598052 -7.8457 -2.132769 0.20874  75.7337639332
2.90990019539 0.770314490977 -2.34450776552 0.944889300297 2.86030949163  0.057486 5.868798 2.87095 1.995171 -0.372253  80.8003308773
2.91789514592 1.77148569596 -1.92879651763 1.35369457532 2.93400417564  0.07839 -7.332078 -6.58945 -1.444779 0.473144  85.8336770535
2.91300151121 1.50920298621 -3.56610036091 1.20179193335 3.32809706253  -0.114972 3.443934 3.5041 2.465901 -0.702758  90.9005630016
2.92040237852 1.5300965912 -3.6272985858 1.17829636012 2.89360594898  0.501696 2.0904 5.6347 1.853952 -0.981078  95.9670159817
2.91780452306 0.851703892961 -2.57849358636 0.95710168864 2.96949089829  0.475566 7.572474 4.2813 2.121906 -0.814086  101.033659935
2.90209655979 1.47529996549 -3.5437793451 1.19170343863 3.34070768093  -0.010452 4.708626 5.9898 1.951719 -0.445312  106.067011833
2.90290209637 0.79510487916 -2.37879824933 0.961194608647 3.01710151372  -0.318786 7.138716 2.1373 1.41219 -0.535766  111.133641958
2.92910217356 0.840698249466 -2.54388894328 0.978694607161 2.84840683778  -0.083616 4.060602 4.05015 2.020518 -1.116759  116.166995049
2.92819594491 0.968003236387 -1.5740007513 1.42559722408 2.83849533419  -0.44421 -2.931786 -5.1724 -1.238382 0.340942  121.200345039
2.93539542808 1.38189799929 -3.38047935897 1.13659282384 2.74219003264  0.177684 2.937012 4.56605 2.009655 -0.654052  126.233640909
2.89509846077 0.836811535478 -2.54709336779 0.961194608647 2.97039797786  0.318786 7.938294 3.2964 1.611345 -0.403564  131.266993046
2.92289954191 0.782498231717 -2.35500068498 0.959800803456 2.84909267843  0.109746 3.271476 1.68505 1.223898 -0.894103  136.300323963
2.89479638455 1.4702955695 -3.54817757482 1.16210167123 2.63880508566  0.062712 3.888144 6.2846 1.585998 -0.333984  141.333607912
2.91529729046 1.76060088295 -1.9371060302 1.36011050398 2.90849532825  -0.0 -6.955806 -6.40855 -2.13639 0.466186  146.366988897
2.89509846077 0.798598894067 -2.3945062126 0.959203458374 3.00650416949  0.047034 6.751992 2.36845 1.553409 -0.981078  151.400343895
2.90689957164 1.69220075828 -2.50059779651 1.20980078223 1.25889369841  0.07839 -9.61584 -3.31315 -0.47073 -0.06958  156.467015028
2.90580202805 1.76700489874 -1.91839784595 1.34400431065 3.04280947614  0.146328 -11.988444 -5.50405 -1.604103 0.598388  161.500380039
2.89830046867 0.808799000984 -2.43930532384 0.96030965297 2.82469002563  0.303108 3.574584 3.3701 1.48461 -0.441833  166.53362298
2.92180199833 1.52469949613 -3.62459681612 1.18261051905 2.83360595408  0.266526 1.687998 5.75195 2.194326 -0.716674  171.566949844
2.9154986746 1.76719621368 -1.91129784655 1.33639369183 3.07389354429  -0.020904 -8.168238 -7.44035 -1.763427 0.511413  176.600384951
2.90519787561 1.44599857247 -3.53988377021 1.15488928247 3.23980060985  0.125424 3.093792 6.08025 2.024139 -0.633178  181.667016029
2.92490331415 1.61810146233 -1.84579563973 1.38369457277 2.91159267312  -0.271752 -4.980378 -7.85575 -1.727217 0.535766  186.733686924
2.91000088746 0.798508271202 -2.34540311943 0.967699032873 2.73829622766  0.491244 5.414136 2.87765 1.70187 -0.751464  191.800343037
2.90679887956 1.503604507 -3.61149637475 1.16988928119 2.59230066483  0.60099 1.787292 6.2712 1.651176 -0.455749  196.866930962
2.89819977659 0.835603230612 -2.5133055388 0.978495492134 3.05170328069  0.10452 6.987162 2.47565 2.237778 -0.601867  201.900279045
2.91519659839 1.76599797802 -1.92562350905 1.34699103606 2.86960152624  0.167232 -7.49931 -5.53755 -1.868436 0.400085  206.933624029
2.89590399735 1.57079632679 -1.85009962166 1.37860607763 2.87659267609  0.559182 -6.600438 -3.58785 -1.553409 0.354858  211.966994047
2.91290081914 1.70431401457 -2.58549933798 1.2117919325 4.63050845636  -0.083616 -4.49436 -1.11555 0.930597 0.090454  217.033663988
2.92450054586 1.69329830187 -2.54880553578 1.19219016425 1.15749990171  0.334464 -6.71541 -3.2964 -0.677127 0.093933  222.067028046
2.91819722214 0.826299283137 -2.55650243779 0.957389299236 2.76150419029  -0.2613 3.99789 3.98315 2.056728 -0.619262  227.100324869
2.93380449334 1.54810033371 -3.62638752393 1.19719016383 2.74039799739  -0.0 1.25424 5.84575 1.977066 -0.514892  232.133651018
2.89450437754 1.56850054755 -3.61570610891 1.22238927673 3.32400414253  -0.198588 1.745484 3.02505 2.259504 -0.500976  237.166966915
2.90120040035 1.75770095127 -1.91560182849 1.35590696451 2.52469005111  -0.20904 -6.882642 -7.4906 -2.049486 0.205261  242.233626842
2.92340300227 0.79340318314 -2.40030245105 0.954999918907 3.00780947911  -0.0 3.470064 4.06355 1.88292 -0.567077  247.266988039
2.89580330528 1.4919040882 -3.5578065563 1.1959069781 3.33238909757  0.721188 1.520766 6.08695 2.28123 -0.921935  252.333662033
2.92460123793 1.76070157502 -1.91660713814 1.3405972313 3.08119442863  -0.0 -6.772896 -7.35325 -1.893783 0.570556  257.400339842
2.91720037062 1.75598918604 -1.96429651462 1.37199103394 3.03710151202  -0.036582 -10.310898 -3.7654 -1.473747 0.514892  262.466935873
2.91519659839 1.76060088295 -1.93140403954 1.34210165595 2.94829620983  0.229944 -4.975152 -6.5191 -1.238382 0.567077  267.500339985
2.91999961023 1.76530320272 -1.91360691715 1.34369457617 2.56449093268  -0.0 -12.223614 -3.80225 -1.933614 0.125244  272.566963911
2.92460123793 1.31590441515 -2.91739289387 1.11480079029 2.46610598528  0.114972 1.14972 3.12555 1.042848 -0.31311  277.600348949
2.92460123793 1.76309804634 -1.90060072357 1.32960165701 3.18090680954  0.02613 -11.05299 -7.45375 -1.466505 0.608825  282.633735895
2.89469569248 1.75030008396 -1.93119983601 1.36300873382 2.52511040505  -0.28743 -6.004674 -4.2478 -2.299335 0.295715  287.700319052
2.91669691026 1.74579914833 -1.92799541151 1.33219015237 3.56199084798  0.15678 -5.508204 -5.4672 -0.709716 0.455749  292.767012835
2.89870323696 1.70718373863 -2.59869402712 1.22369458636 4.62920314674  -0.13065 -3.234894 -0.99495 0.865419 0.017395  297.833647013
2.89450437754 1.6991988573 -2.52549491829 1.19320786328 1.17019901568  -0.141102 -7.39479 -2.87095 -0.821967 -0.055664  302.86697793
2.91809653007 1.77049891365 -1.94042041045 1.34559723087 2.86511037618  -0.449436 -12.558078 -6.7938 -1.767048 0.608825  307.933761835
2.90399963995 1.75429755923 -1.92369142957 1.34849546072 3.0694908898  0.015678 -6.542952 -3.52085 -1.716354 0.431396  313.000349998
2.91880137457 1.54759687335 -3.6329848685 1.20929193271 3.3534067949  -0.041808 3.412578 5.77875 2.650572 -0.640136  318.06693697
2.89459500041 1.75490171166 -1.87840537147 1.35150431002 3.33610591141  -0.067938 -11.826438 -7.29295 -1.549788 0.396606  323.100292921
2.91659621819 1.73020194634 -1.91209895268 1.3657963442 3.12880504406  0.005226 -9.161178 -3.6314 -1.368738 0.177429  328.167096853
2.92470193001 1.75279724735 -1.86830515109 1.36469014961 2.77449091485  -0.0 -12.302004 -7.82225 -2.02776 0.507934  333.233659983
2.9253967053 1.51399592885 -3.59750057948 1.19800874783 3.34869440592  0.318786 3.778398 3.8391 2.661435 -0.838439  338.300333977
2.91880137457 1.75699610676 -1.91142351026 1.35800873424 2.9817917822  -0.057486 -12.155676 -7.04505 -1.962582 0.445312  343.367241859
2.91330358743 0.796111799883 -2.41709426378 0.956592839126 3.01969000907  0.177684 6.987162 2.9078 1.933614 -0.807128  348.433655024
2.90649680335 0.843698873219 -2.55769624299 0.980707881326 2.7305086177  0.203814 4.692948 4.45215 1.799637 -0.86975  353.500325918
2.93520411314 1.69049906226 -2.50920576039 1.18488927992 1.22969016107  0.067938 -4.248738 -2.93125 -0.532287 -0.003479  358.566994905
2.9193954578 1.75449894337 -1.94610669316 1.36679191934 2.84499975842  0.564408 -15.4167 -5.83905 -1.723596 0.727111  363.633653879
2.91490459138 1.76329943049 -1.92279607567 1.34409280622 2.79150418774  -0.0 -5.894928 -7.1087 -1.234761 0.441833  368.666955948
2.89850185281 1.54589517733 -3.65599703469 1.20139370329 2.70380508014  -0.0 2.362152 6.2578 1.796016 -0.699279  373.700227022
2.92210407454 1.548503102 -3.6526983624 1.19460166847 2.7474997667  0.125424 1.525992 3.70175 1.687386 -0.330505  378.733610868
2.93409650034 1.77179784138 -1.94370337478 1.34710165552 2.93909267078  -0.073164 -12.861186 -4.50575 -1.984308 0.400085  383.800298929
2.90359687167 1.75459963544 -1.96809784173 1.36920342356 2.88949090509  -0.0 -6.396624 -5.20255 -2.158116 0.514892  388.833653927
2.9154986746 0.779809753389 -2.38999802714 0.954291954366 2.78710153325  -0.015678 7.598604 2.8676 1.716354 -0.490539  393.900280952
2.8989046211 0.801096057458 -2.41949758216 0.986703456038 3.12849530957  0.491244 2.853396 2.8877 1.95534 -0.48706  398.93363595
2.89450437754 0.770395044635 -2.36379714441 0.940796380291 2.94238913068  -0.162006 6.292104 2.0368 1.30356 -0.838439  404.000334024
2.91519659839 1.76589728595 -1.91399961624 1.3457963459 2.58139358611  0.188136 -7.044648 -6.7536 -1.596861 0.379211  409.033649921
2.91649552612 1.76240327104 -1.93550381795 1.35570784948 2.98869443648  0.088842 -7.044648 -3.90945 -1.506336 0.528808  414.067143917
2.90649680335 0.833297382157 -2.45620709232 0.980398146839 2.67920331232  0.177684 3.391674 2.613 1.567893 -0.511413  419.133678913
2.91369628651 1.75999673052 -1.93669762316 1.355398115 3.02809708801  0.020904 -7.332078 -4.5359 -1.354254 0.330505  424.166993856
2.92020099438 1.5715011713 -3.64030477938 1.22511051544 3.32179175333  0.412854 1.322178 4.53255 2.375376 -0.455749  429.200446844
2.9173010627 1.76469905029 -1.92929917246 1.34219015152 3.03900416673  -0.031356 -14.03181 -7.31305 -1.502715 0.41748  434.26702404
2.93539542808 0.838795169301 -2.49139293004 0.98511053582 2.67309711815  0.188136 6.61089 2.0301 1.462884 -0.619262  439.333680868
2.92880009735 1.48829931202 -3.57679748389 1.16409282151 2.67079623339  0.125424 3.50142 4.69335 2.321061 -0.981078  444.400326967
2.9094974271 1.67149846823 -2.48350753248 1.18429193484 1.24030962919  0.083616 -7.426146 -3.9731 -0.7242 -0.146118  449.466982841
2.90939673503 1.44119556063 -3.49530457046 1.16199105177 2.69309711645  0.397176 1.944072 5.43035 1.788774 -0.500976  454.500267982
2.92450054586 1.76189981068 -1.92361288976 1.35969015003 2.9184953274  0.449436 -12.56853 -4.89435 -2.089317 0.306152  459.566905975
2.89649808057 1.66910199691 -1.90309828973 1.36840696345 2.9598891292  0.109746 -5.424588 -5.75195 -1.636692 0.448791  464.600266933
2.93429788449 1.47410172983 -3.5306946117 1.19659281875 3.3386059112  0.151554 3.03108 4.0334 2.473143 -0.667968  469.6336689
2.89459500041 1.75609994732 -1.93932085302 1.36139368971 2.50309713259  -0.203814 -13.671216 -7.1623 -2.187084 0.302673  474.700319052
2.91509590631 1.76329943049 -1.88619652125 1.3469025405 3.03539797234  0.376272 -8.784906 -6.2444 -1.662039 0.720153  479.733625889
2.91490459138 1.57249802282 -1.81940626144 1.36999988367 2.8996015237  -0.188136 -5.994222 -3.8257 -1.850331 0.320068  484.766979933
2.89469569248 1.7582950345 -1.95059917065 1.35988926506 2.91550860199  -0.334464 -7.00284 -4.2009 -1.861194 0.594909  489.800318956
2.91389767066 0.816602636582 -2.47739713477 0.961504343134 2.88110595004  -0.073164 7.922616 3.01835 1.314423 -0.462707  494.833607912
2.8963973885 1.52540434063 -3.61360124183 1.1799998998 2.68960154153  0.162006 2.032914 6.52915 1.734459 -0.615783  499.866984844
2.91829791421 1.66620206523 -2.55959690655 1.19159281917 1.16188043231  -0.167232 -7.60383 -2.77715 -0.564876 -0.013916  504.900317907
