2.91129981519 1.7582950345 -1.90089917487 1.35230077013 2.99480063066  0.036582 -5.027412 -3.4036 -0.206397 -0.0  5.03360700607
1.32320459039 1.55349742879 -3.63449283297 1.19249989874 2.81139356658  -0.491244 0.05226 2.39525 0.315027 -0.080017  10.066988945
2.60659553542 1.52999589913 -3.60789925116 1.20900432212 3.28940237555  0.595764 0.423306 1.1323 0.633675 -0.024353  15.1336538792
2.02669982223 1.35620138246 -1.95080337417 1.30849546411 3.55039792861  -0.266526 -2.8743 -2.7671 -0.028968 0.055664  20.2003231049
2.92910217356 1.53459752683 -3.61699416189 1.18761051862 2.70780950458  0.334464 0.407628 1.5075 0.789378 -0.0  25.2669229507
2.93230418146 1.51750001296 -3.61909902897 1.1748007852 2.78980064806  -0.162006 -0.188136 2.56945 0.742305 -0.03479  30.3003160954
2.91150119934 1.73659589293 -1.92870226986 1.36230076928 3.01099531955  -0.0 -6.239844 -2.60295 -0.275196 -0.031311  35.3669400215
2.89980078054 0.869999642485 -2.11790468742 1.08440256279 2.76699091549  0.229944 1.452828 0.0 0.32589 -0.06958  40.4336090088
2.9253967053 0.804801525716 -2.39549581429 0.972499917421 3.00261036451  0.109746 3.862014 1.08205 0.307785 0.003479  45.5002670288
2.8995993964 0.825101047478 -2.48060155927 0.980309651272 2.99730063044  -0.376272 1.416246 1.41705 0.394689 0.038269  50.5335929394
2.90049555584 0.831797070281 -2.66570419842 0.967300802819 3.06079620027  -0.282204 3.511872 2.04015 0.640917 0.118286  55.5669269562
2.90199586772 1.76520251065 -1.94269806513 1.34738926612 2.97679178263  0.020904 -8.993946 -3.6582 -0.557634 -0.020874  60.6335999966
2.93449926863 1.51480146543 -3.59079327916 1.18280963408 2.76999976479  0.590538 0.47034 2.5393 0.528666 -0.010437  65.7003440857
2.91190396762 1.70049778503 -2.56870752524 1.20530963217 4.61511022758  0.423306 -4.907214 -1.86595 0.076041 0.03479  70.7669389248
2.89479638455 1.76370219877 -1.9114078023 1.34630519541 2.59119447024  0.057486 -7.572474 -3.69505 -0.517803 -0.062622  75.8004829884
2.90990019539 0.77030442177 -2.34450776552 0.944889300297 2.86030949163  0.114972 4.410744 0.93465 0.492456 0.080017  80.8669679165
2.91789514592 1.77149576516 -1.92879651763 1.35369457532 2.93400417564  0.10452 -8.408634 -2.6934 -0.271575 0.017395  85.9002299309
2.91300151121 1.50920298621 -3.56610036091 1.20179193335 3.32809706253  -0.13065 0.256074 1.29645 0.550392 -0.0  90.9336159229
2.92040237852 1.5300965912 -3.62728287783 1.17829636012 2.89360594898  0.229944 0.067938 2.57615 0.630054 0.024353  96.0003230572
2.91780452306 0.851703892961 -2.57849358636 0.95710168864 2.96949089829  0.935454 4.003116 2.0636 0.659022 0.052185  101.066926956
2.90209655979 1.47529996549 -3.54379505307 1.19170343863 3.34070768093  -0.047034 1.33263 2.45555 0.423657 0.017395  106.133569002
2.90290209637 0.79510487916 -2.37879824933 0.961194608647 3.01710151372  -0.412854 3.104244 0.5896 0.459867 -0.024353  111.16694808
2.92910217356 0.840698249466 -2.54390465124 0.978694607161 2.84840683778  -0.114972 3.459612 1.5142 0.452625 -0.13916  116.233613968
2.92819594491 0.968003236387 -1.5740007513 1.42559722408 2.83849533419  -0.2613 -1.897038 -2.5728 -0.170187 0.142639  121.266972065
2.93539542808 1.38189799929 -3.38049506693 1.13659282384 2.74219003264  0.088842 0.590538 2.479 0.28968 -0.073059  126.333607912
2.89509846077 0.836801466271 -2.54709336779 0.961194608647 2.97039797786  -0.0 3.438708 2.01335 0.528666 0.118286  131.400226116
2.92289954191 0.782498231717 -2.35500068498 0.959800803456 2.84909267843  0.047034 2.440542 0.8509 0.119493 -0.093933  136.433554888
2.89479638455 1.4702955695 -3.54817757482 1.16210167123 2.63880508566  0.564408 1.327404 2.66995 0.644538 -0.010437  141.466988087
2.91529729046 1.76060088295 -1.93712173817 1.36011050398 2.90849532825  0.041808 -4.692948 -3.3634 -0.423657 0.055664  146.533618927
2.89509846077 0.798598894067 -2.3945062126 0.959203458374 3.00650416949  0.402402 3.208764 0.7303 0.249849 -0.048706  151.600287914
2.90689957164 1.69220075828 -2.50059779651 1.20980078223 1.25889369841  -0.0 -4.274868 -1.68505 0.094146 -0.06958  156.666934967
2.90580202805 1.76700489874 -1.91839784595 1.34400431065 3.04280947614  0.36582 -6.45411 -3.2227 -0.351237 0.059143  161.733613968
2.89830046867 0.808799000984 -2.43930532384 0.96030965297 2.82469002563  0.465114 3.50142 0.9782 0.322269 0.020874  166.800281048
2.92180199833 1.52469949613 -3.62458110815 1.18261051905 2.83360595408  0.114972 1.102686 2.69005 0.539529 -0.111328  171.83355999
2.9154986746 1.76719621368 -1.91131355452 1.33639369183 3.07389354429  -0.031356 -4.844502 -3.64145 -0.539529 -0.0  176.866991043
2.90519787561 1.44599857247 -3.53989947818 1.15488928247 3.23980060985  0.18291 0.668928 2.50245 0.539529 -0.003479  181.933650017
2.92490331415 1.61810146233 -1.84579563973 1.38369457277 2.91159267312  -0.229944 -5.680662 -3.8257 -0.416415 0.024353  187.000335932
2.91000088746 0.798498201995 -2.34540311943 0.967699032873 2.73829622766  0.65325 2.550288 0.86765 0.405552 -0.06958  192.066953897
2.90679887956 1.503604507 -3.61149637475 1.16988928119 2.59230066483  0.658476 1.238562 2.6867 0.282438 -0.024353  197.133610964
2.89819977659 0.835603230612 -2.5133055388 0.978495492134 3.05170328069  0.141102 3.76272 1.0988 0.575739 0.020874  202.167035103
2.91519659839 1.76599797802 -1.92560780109 1.34699103606 2.86960152624  0.15678 -7.588152 -3.35 -0.601086 -0.03479  207.233561039
2.89590399735 1.57079632679 -1.85009962166 1.37860607763 2.87659267609  0.73164 -1.949298 -2.5594 -0.539529 -0.076538  212.266941071
2.91290081914 1.70430394537 -2.58549933798 1.2117919325 4.63050845636  -0.256074 -5.163288 -1.32325 0.068799 0.107849  217.300273895
2.92450054586 1.69329830187 -2.54880553578 1.19219016425 1.15749990171  0.585312 -1.729806 -1.7956 -0.090525 0.114807  222.333600998
2.91819722214 0.826299283137 -2.55650243779 0.957389299236 2.76150419029  -0.099294 3.569358 1.30985 0.572118 -0.0  227.367117882
2.93380449334 1.54810033371 -3.62640323189 1.19719016383 2.74039799739  -0.10452 0.517374 2.26795 0.800241 -0.048706  232.433629036
2.89450437754 1.56850054755 -3.61570610891 1.22238927673 3.32400414253  -0.538278 0.073164 1.27635 0.405552 0.076538  237.500309944
2.90120040035 1.75770095127 -1.91560182849 1.35590696451 2.52469005111  -0.0 -6.81993 -3.417 -0.510561 -0.038269  242.566952944
2.92340300227 0.79340318314 -2.40030245105 0.954999918907 3.00780947911  0.057486 3.16173 1.30985 0.673506 0.017395  247.633549929
2.89580330528 1.4919040882 -3.5578065563 1.1959069781 3.33238909757  1.28037 0.872742 2.36175 0.659022 0.041748  252.666884899
2.92460123793 1.76070157502 -1.91660713814 1.3405972313 3.08119442863  -0.0 -4.875858 -3.6783 -0.188292 -0.003479  257.70025897
2.91720037062 1.75599925525 -1.96429651462 1.37199103394 3.03710151202  -0.0 -4.306224 -1.7487 -0.420036 -0.020874  262.733618021
2.91519659839 1.76060088295 -1.93140403954 1.34210165595 2.94829620983  0.271752 -4.300998 -3.0351 -0.032589 -0.003479  267.800343037
2.91999961023 1.76530320272 -1.91360691715 1.34369457617 2.56449093268  -0.13065 -5.38278 -2.5661 -0.423657 -0.125244  272.866883993
2.92460123793 1.31590441515 -2.91739289387 1.11480079029 2.46610598528  0.15678 -0.0 1.4673 0.202776 -0.017395  277.900269032
2.92460123793 1.76309804634 -1.90060072357 1.32960165701 3.18090680954  0.067938 -7.305948 -3.19925 -0.155703 0.003479  282.933688879
2.89469569248 1.75030008396 -1.93119983601 1.36300873382 2.52511040505  -0.324012 -3.24012 -2.02005 -0.260712 0.024353  288.000287056
2.91669691026 1.74579914833 -1.92799541151 1.33219015237 3.56199084798  0.198588 -6.631794 -2.9011 -0.304164 0.020874  293.033571005
2.89870323696 1.70720387705 -2.59869402712 1.22369458636 4.62920314674  -0.015678 -3.909048 -1.38355 0.065178 0.038269  298.067007065
2.89450437754 1.6991988573 -2.52549491829 1.19320786328 1.17019901568  -0.141102 -2.398734 -1.8157 0.03621 -0.100891  303.133666039
2.91809653007 1.77049891365 -1.94040470249 1.34559723087 2.86511037618  -0.23517 -6.673602 -3.7922 -0.445383 0.111328  308.200273037
2.90399963995 1.75429755923 -1.92370713754 1.34849546072 3.0694908898  0.31356 -4.060602 -1.55775 -0.387447 -0.097412  313.266942024
2.91880137457 1.54759687335 -3.63300057646 1.20929193271 3.3534067949  -0.266526 -0.015678 2.6197 0.764031 0.03479  318.333616018
2.89459500041 1.75490171166 -1.87840537147 1.35150431002 3.33610591141  -0.02613 -5.414136 -2.56945 -0.21726 0.006958  323.367057085
2.91659621819 1.73020194634 -1.91209895268 1.3657963442 3.12880504406  -0.0 -2.545062 -1.67165 -0.409173 -0.0  328.433604956
2.92470193001 1.75279724735 -1.86830515109 1.36469014961 2.77449091485  -0.229944 -7.321626 -3.52085 -0.278817 -0.0  333.500252962
2.9253967053 1.51399592885 -3.59750057948 1.19800874783 3.34869440592  0.266526 0.590538 1.9564 0.753168 -0.0  338.533531904
2.91880137457 1.75699610676 -1.91142351026 1.35800873424 2.9817917822  -0.041808 -5.962866 -3.44045 -0.57936 -0.059143  343.56692791
2.91330358743 0.796101730676 -2.41709426378 0.956592839126 3.01969000907  0.28743 3.6582 0.8576 0.387447 0.03479  348.600301027
2.90649680335 0.843698873219 -2.55769624299 0.980707881326 2.7305086177  0.371046 0.736866 1.67165 0.380205 -0.0  353.66689992
2.93520411314 1.69049906226 -2.50920576039 1.18488927992 1.22969016107  0.099294 -5.43504 -1.1926 -0.050694 -0.03479  358.700296879
2.9193954578 1.75449894337 -1.94610669316 1.36679191934 2.84499975842  0.674154 -7.190976 -3.2696 -0.387447 0.041748  363.766957998
2.91490459138 1.76329943049 -1.92279607567 1.34409280622 2.79150418774  -0.031356 -6.046482 -3.00495 -0.293301 0.059143  368.833549023
2.89850185281 1.54589517733 -3.65599703469 1.20139370329 2.70380508014  0.10452 0.245622 2.6532 0.54315 0.020874  373.866959095
2.92210407454 1.548503102 -3.6526983624 1.19460166847 2.7474997667  -0.07839 -0.193362 1.50415 0.792999 0.06958  378.933682919
2.93409650034 1.77179784138 -1.94370337478 1.34710165552 2.93909267078  -0.020904 -7.227558 -3.3433 -0.593844 -0.0  384.000228882
2.90359687167 1.75459963544 -1.96809784173 1.36920342356 2.88949090509  -0.0 -2.984046 -1.7621 -0.655401 -0.027832  389.033548117
2.9154986746 0.779799684181 -2.38999802714 0.954291954366 2.78710153325  -0.39195 3.851562 1.45725 0.601086 -0.052185  394.066910028
2.8989046211 0.801096057458 -2.41949758216 0.986703456038 3.12849530957  0.538278 1.081782 0.97485 0.535908 -0.0  399.133578062
2.89450437754 0.770395044635 -2.36379714441 0.940796380291 2.94238913068  -0.141102 4.05015 0.70015 0.659022 -0.0  404.200450897
2.91519659839 1.76589728595 -1.91399961624 1.3457963459 2.58139358611  -0.0 -7.933068 -3.28635 -0.50694 -0.048706  409.26688695
2.91649552612 1.76240327104 -1.93550381795 1.35570784948 2.98869443648  -0.047034 -4.044924 -1.8224 -0.535908 -0.027832  414.300268888
2.90649680335 0.833297382157 -2.45620709232 0.980398146839 2.67920331232  0.407628 3.297606 0.5829 0.365721 -0.045227  419.36689806
2.91369628651 1.75999673052 -1.93669762316 1.355398115 3.02809708801  0.125424 -8.560188 -2.65655 -0.394689 -0.0  424.400257111
2.92020099438 1.5715011713 -3.64030477938 1.22511051544 3.32179175333  0.553956 0.120198 2.73025 0.32589 0.076538  429.433638096
2.9173010627 1.76469905029 -1.92929917246 1.34219015152 3.03900416673  -0.05226 -6.265974 -3.64815 -0.18105 -0.0  434.466895103
2.93539542808 0.838795169301 -2.49139293004 0.98511053582 2.67309711815  0.109746 2.910882 1.0184 0.517803 -0.0  439.500344992
2.92880009735 1.48829931202 -3.57679748389 1.16409282151 2.67079623339  0.047034 0.31356 2.54935 0.836451 -0.135681  444.566910028
2.9094974271 1.67149846823 -2.48350753248 1.18429193484 1.24030962919  0.015678 -3.31851 -1.74535 -0.068799 -0.226135  449.633616924
2.90939673503 1.44119556063 -3.49530457046 1.16199105177 2.69309711645  0.15678 0.120198 1.5008 0.720579 0.024353  454.700265884
2.92450054586 1.76189981068 -1.92361288976 1.35969015003 2.9184953274  0.2613 -7.096908 -3.4505 -0.492456 -0.073059  459.733624935
2.89649808057 1.66910199691 -1.90309828973 1.36840696345 2.9598891292  0.438984 -2.283762 -1.87265 -0.528666 0.020874  464.800263882
2.93429788449 1.47410172983 -3.5306946117 1.19659281875 3.3386059112  0.44421 0.329238 2.3048 0.807483 0.010437  469.833605051
2.89459500041 1.75609994732 -1.93932085302 1.36139368971 2.50309713259  -0.13065 -6.464562 -3.53425 -0.441762 -0.024353  474.866967916
2.91509590631 1.76329943049 -1.88619652125 1.3469025405 3.03539797234  -0.0 -3.146052 -3.1557 -0.666264 -0.020874  479.933609962
2.91490459138 1.57249802282 -1.81940626144 1.36999988367 2.8996015237  -0.15678 -2.309892 -1.77885 -0.514182 -0.06958  485.000257969
2.89469569248 1.7582950345 -1.95059917065 1.35988926506 2.91550860199  -0.057486 -4.771338 -2.1306 -0.514182 -0.038269  490.033570051
2.91389767066 0.816602636582 -2.47739713477 0.961504343134 2.88110595004  -0.402402 3.726138 1.32325 0.380205 0.048706  495.066935062
2.8963973885 1.52540434063 -3.61360124183 1.1799998998 2.68960154153  0.668928 1.222884 2.6934 0.575739 0.017395  500.100279093
2.91829791421 1.66620206523 -2.55959690655 1.19159281917 1.16190255621  -0.2613 -4.290546 -1.62475 0.014484 -0.013916  505.1669209
