4.38019576489 1.88869126803 -1.81260471334 1.6001104836 3.2561059182  1.09746 -7.3164 -2.6465 -0.557634 0.052185  5.03364086151
1.81180280168 1.92640044908 -3.60929725989 1.73909277268 1.68070782189  0.33969 -1.25424 0.5092 0.307785 -0.097412  10.1002848148
5.79270415414 0.656905010024 -3.7097025611 2.07119451439 0.791991083192  -0.13065 7.68222 3.13895 0.785757 -0.055664  15.1336607933
1.63529966827 1.98040160742 -1.50499566867 0.863296386871 0.794690198007  -1.316952 -8.852844 -2.8274 -0.50694 -0.080017  20.2003657818
4.63469497745 0.77639629214 -4.21160340344 0.774601704137 3.99769877558  -0.10452 2.461446 2.6197 0.119493 -0.041748  25.2670447826
3.35289496717 1.74640330076 -1.8269932077 1.9771900976 0.854203467289  -0.198588 -8.15256 -3.8994 -0.677127 -0.06958  30.3336458206
4.19409667699 0.676086849784 -3.90449701359 1.76079631066 4.93099515651  0.099294 6.239844 4.288 0.659022 -0.0  35.3669719696
2.58769563346 1.54230047035 -0.903003684385 0.788805242754 3.42619439933  -0.506922 -2.879526 -3.52755 -0.267954 -0.083496  40.4003229141
5.05610136894 0.702901148619 -4.03399346277 0.714491089772 3.03170328239  -0.193362 4.776564 2.83075 0.076041 0.017395  45.4336428642
5.04259856206 0.663903109044 -3.916293694 1.92940249103 0.862190192275  -0.33969 6.945354 2.4053 0.811104 0.017395  50.5002989769
3.00170115764 1.10849888477 -3.99590165184 1.27360608654 1.5461060634  0.083616 2.06427 3.3701 0.568497 -0.086975  55.5335979462
1.55819974856 0.694704813939 -2.87110152612 1.75011047086 3.76999967988  -0.648024 6.89832 1.73865 0.753168 -0.0  60.5669407845
1.31240033104 0.660801793219 -2.83729798916 1.90599541338 0.785707897884  -0.005226 4.436874 1.9229 0.655401 -0.003479  65.6003348827
0.782397539645 1.11119743231 -3.92499590565 1.77238923003 1.1040928266  -0.386724 4.426422 2.4924 0.955944 -0.052185  70.6336407661
4.13120440868 1.9299045332 -4.31519742119 1.66969012371 0.787699048158  0.2613 0.047034 3.20595 0.39831 0.010437  75.6670007706
2.48240193353 1.93329785603 -0.685998171838 1.81070781085 4.1355084984  -0.951132 -2.53461 -1.6214 -0.351237 -0.0  80.7335939407
1.9319989283 1.9825966946 -3.87479325505 0.710309674198 4.88460135514  -1.766388 -0.972036 2.06695 0.753168 0.017395  85.767018795
3.06229764671 1.97669613916 -2.97119266806 1.80320781148 0.792101702651  -0.198588 -6.004674 -1.4204 -0.090525 -0.03479  90.8336429596
1.7898015839 1.65129963854 -0.769894403652 0.850907007392 4.88400401006  -1.066104 -3.804528 -3.3902 -0.684369 -0.020874  95.9003069401
0.767001721801 0.92629658007 -4.33299454357 1.96130514319 1.41749987963  -0.010452 4.567524 3.3701 0.901629 -0.180908  100.93360877
1.18650503313 1.10659580461 -0.702994188094 1.86059718714 4.06218992055  0.162006 -1.625286 -3.96975 -0.333132 0.142639  105.966891766
2.22220354968 1.13849505309 -1.40609833193 0.943805229593 2.837101529  0.135876 -1.991106 -1.86595 -0.028968 -0.017395  111.000306845
0.69260034963 0.941903851265 -3.88910320958 1.79639365277 4.63659252664  -0.54873 3.89337 3.9329 0.709716 0.107849  116.066979885
5.01189754923 0.801297441603 -0.797194843812 0.685707906376 0.959402573401  1.081782 -0.867516 -3.54095 -0.155703 -0.0  121.133655787
2.66949787294 1.52350126047 -3.10249553302 2.03019894265 3.78380498844  -0.114972 -1.661868 -0.1005 0.086904 0.013916  126.166998863
3.93949677236 1.91459933822 -3.5300977091 0.791703472597 0.897101693735  0.773448 -2.696616 1.57785 0.409173 -0.048706  131.233469963
2.88889582912 0.728205066371 -3.68549658971 0.750597281397 1.43880518756  -0.219492 4.405518 2.20095 0.177429 0.024353  136.267020941
3.52459508873 1.92260435796 -2.20800556472 1.41011049973 1.48849544883  -0.0 -4.400292 -2.93125 -0.343995 0.052185  141.333636999
5.11450277084 1.23919719453 -1.35660253967 1.58869455536 0.785796393452  0.689832 -2.27331 -3.8525 -0.735063 -0.0  146.366933823
1.52329987632 1.4827008328 -4.32939741999 1.95900425843 3.07480062386  -0.162006 1.38489 2.5192 0.648159 0.062622  151.400308847
5.00169744232 0.741798496122 -1.26620321107 1.75289808124 1.65719012477  -0.0 -0.214266 -3.1825 -0.492456 -0.086975  156.433645964
2.8931953806 1.32059666572 -0.759904139014 1.73139365829 4.63360580123  -0.57486 -5.654532 -3.0083 -0.539529 0.041748  161.467007875
4.42790366871 1.7247041592 -3.31159994004 1.78340692821 0.849999927823  1.369212 -1.677546 0.59295 0.235365 -0.0  166.533632994
2.0773982806 1.39379980223 -1.55810429247 1.49249987327 4.12889345471  -2.03814 -4.452552 -3.7587 -0.611949 0.066101  171.566962957
4.08110003354 0.979502271036 -3.32639684144 1.67219012349 2.28550865549  -0.386724 3.976986 2.8877 0.695232 -0.03479  176.600289822
5.10900498369 0.687998721929 -3.85060299162 1.77380515911 1.27960166126  -0.0 7.217106 3.90275 0.792999 -0.059143  181.633601904
3.21199655049 1.96498565116 -2.90909908926 1.78090692842 2.39889360161  -0.350142 -4.849728 -1.6951 -0.177429 -0.0  186.667035818
4.15079908593 0.647298986333 -2.4610922689 1.09409282745 0.795907012063  0.904098 4.933344 1.57115 0.441762 -0.055664  191.733603001
2.60959615917 0.780001068326 -4.34769719719 0.773008783919 3.69329614657  -0.407628 2.576418 2.02005 -0.07242 0.013916  196.76699996
3.04270296945 1.89020164912 -3.48580125268 2.11679185565 2.94610594453  0.512148 -4.672044 0.28475 0.119493 -0.027832  201.800315857
0.694996820949 0.698098136774 -1.47959589206 1.74539808188 4.22699079151  -0.041808 0.621894 -2.3986 -0.528666 -0.038269  206.866965771
0.799102354428 1.13469896196 -1.02959416036 1.33070785161 2.91639355767  -0.0 -4.353258 -3.6649 -0.394689 0.010437  211.900284767
3.88899969813 1.50750129019 -2.54599381036 1.69050870601 2.30909272428  0.459888 -3.00495 -1.0318 -0.184671 0.041748  216.933648825
1.30870493199 0.650198918014 -2.72619556497 1.78909276844 3.32320768242  -0.898872 5.868798 1.9162 0.065178 0.097412  222.000311852
5.1124989986 0.762500786172 -1.26320299008 1.75019896643 4.76659251561  0.15678 -1.661868 -3.10545 -0.213639 0.03479  227.067103863
4.21279519481 0.765904178214 -0.799692409971 0.727101708171 4.45238900246  -1.118364 -0.60099 -3.34665 -0.477972 -0.0  232.133637905
0.776799060429 0.74960213172 -3.04839730752 1.78249984864 2.72738914894  -0.710736 4.410744 3.4773 0.637296 -0.0  237.166996956
0.731799773349 1.78889535525 -2.64930508477 0.816902585501 2.5521015532  0.386724 -4.933344 -0.66665 0.083283 -0.0  242.200348854
5.11610377479 1.96750295297 -2.81469423002 0.736902592294 1.11690256003  1.170624 -5.403684 -1.1859 0.094146 -0.017395  247.26698184
3.10769970208 1.94420280745 -3.86200697295 0.74960170626 2.1448891984  -1.160172 -1.134042 1.86595 0.152082 0.003479  252.333653927
0.715195650638 0.794802802944 -1.9200000582 2.13011043859 1.12949105453  -0.10452 0.57486 -0.9179 -0.213639 -0.100891  257.40028286
5.14040077181 1.64099883955 -3.27580149175 0.668407022889 3.9371014356  0.794352 -0.773448 1.26295 0.441762 -0.0  262.466976881
5.14289793521 1.786599576 -2.91029289447 1.93749983548 3.98630497124  0.381498 -4.557072 -1.4472 -0.025347 0.076538  267.500272989
2.24329853881 1.88870133724 -1.37359855593 1.78869453838 1.49469013857  -0.250848 -3.851562 -3.79555 -0.655401 -0.038269  272.533676863
1.9412021837 1.31850227061 -3.50069240186 1.17789813007 3.80988905702  -0.527826 1.771614 2.479 0.575739 0.107849  277.60037899
5.13709807185 1.72740270673 -3.72339990507 1.93380514553 1.17011052011  1.055652 -1.160172 1.68505 0.202776 -0.097412  282.667044878
4.83569649204 0.7203007387 -2.3774002406 0.697101710718 4.93300843068  0.120198 4.321902 1.20265 0.626433 0.031311  287.733668804
4.88239747514 1.15880464406 -1.36290143294 0.789690198431 4.93889338593  -0.266526 -2.126982 -3.26625 -0.047073 -0.006958  292.800360918
2.83559951529 0.696799209042 -0.763092855557 0.830907009091 1.52019898596  -0.412854 -1.834326 -3.0552 -0.286059 -0.146118  297.866985798
1.21709528467 1.72020322357 -1.73620118001 1.80719011203 2.50230067248  -0.804804 -7.776288 -2.76375 -0.383826 0.03479  302.933652878
2.9930013626 1.74999800774 -3.95479391197 0.682389322587 4.68039783266  1.33263 -0.203814 1.85925 0.376584 0.076538  307.966978788
3.66919897366 1.90278815815 -3.2398145479 1.7267033932 4.93261020062  0.355368 -3.81498 -0.3015 0.090525 -0.0  313.033631802
4.31909581546 1.55949867629 -2.48539248807 1.84730072809 3.22929176119  0.648024 -4.719078 -1.5276 -0.235365 -0.121765  318.066973925
1.6518030989 1.84039935019 -3.95220209803 1.24738927461 0.821194620535  -1.80297 -0.961584 2.68335 0.282438 -0.059143  323.100283861
2.59499580869 1.90460061545 -4.10599876639 0.820995505507 2.30749980406  0.073164 -0.642798 3.0418 0.821967 0.271362  328.133656979
4.59090399524 1.98269738667 -3.42439882427 0.991106110532 2.28559715105  0.60099 -2.336022 0.30485 0.333132 0.041748  333.200289965
4.56760384972 1.22950054797 -2.58598628484 1.1419025579 3.41429174548  -0.0 -0.350142 0.44555 0.459867 0.274841  338.233700991
0.690697269465 1.8848851077 -2.60689358395 1.15249990214 1.39800873085  0.256074 -4.436874 -1.33665 -0.065178 -0.031311  343.300312996
3.82289535272 1.98099569065 -4.20079632471 1.66829631852 2.17570777985  1.484184 -1.290822 2.54265 0.372963 0.194824  348.333647966
0.730098077328 1.88359624918 -1.52329544587 1.75610604557 0.790110552378  -0.0 -5.006508 -3.90945 -0.771273 -0.059143  353.400327921
3.37030462645 1.04479101067 -0.755301705776 1.67099543333 2.65519888958  -0.10452 -4.384614 -3.64815 -0.43452 0.024353  358.466974974
3.17830498313 0.731296312988 -3.31230679839 0.922809656154 4.47079608055  -0.0 2.775006 3.2696 0.517803 -0.055664  363.533639908
4.61769815566 0.749803515864 -3.07789686254 1.53238925041 4.89139338996  1.12359 2.74365 1.4338 0.727821 -0.027832  368.566975832
0.821002880138 1.98139845894 -3.50520058732 1.24789812412 3.56488907782  -0.804804 -3.464838 0.9648 0.210018 -0.045227  373.633652925
1.06199928581 0.648497221993 -0.686406578883 1.79261046725 4.52159253641  -0.229944 -1.139268 -3.90275 -0.535908 0.066101  378.700295925
0.739804793092 1.45459767544 -4.32587883621 1.44019899275 4.52300846549  -0.726414 0.972036 3.9061 0.782136 0.03479  383.733624935
1.22260314102 0.768904801966 -1.22490697563 1.05840698977 3.98190231675  0.648024 -0.517374 -2.5862 -0.18105 -0.062622  388.766933918
0.81849564754 0.678302075373 -4.33489520713 2.16429185162 4.77170313464  -0.198588 3.05721 2.89105 0.521424 0.128723  393.800314903
2.09919811424 1.53339929117 -3.12209907117 0.685995516971 4.27769875181  0.07839 -0.648024 0.9447 0.601086 -0.0  398.86696291
1.00170487296 0.832602606859 -3.42909550528 1.73130516272 0.886106119448  -0.658476 6.098742 2.8073 0.789378 -0.163513  403.933648825
5.13869907579 1.19890022722 -3.13749287518 0.641194635819 0.833606123906  0.75777 1.917942 2.18085 0.550392 0.031311  409.000344992
2.87169762318 1.16270142725 -0.684694410887 0.661305253581 0.896902578708  -0.172458 -2.644356 -2.4187 -0.716958 -0.013916  414.066969872
1.6543002623 1.30879555485 -4.06159235423 0.758606130274 0.792809667193  -0.70551 2.132208 3.48065 0.322269 -0.045227  419.133663893
3.30480443347 0.713997414979 -2.97210372993 1.69159277671 4.94460135005  -0.256074 6.135324 1.7688 0.50694 0.166992  424.200285912
2.14679525678 1.9825966946 -0.740206353076 0.945508769271 3.28619441122  -1.207206 -7.112586 -2.06695 -0.568497 -0.027832  429.233636856
3.30020280577 1.93700332429 -2.7204935743 1.98380514128 1.24619458445  1.886586 -4.489134 -1.9899 -0.224502 0.10437  434.30032897
2.83949629848 0.769297501048 -1.41802067605 1.77969011437 1.10449105666  -0.0 -0.794352 -2.86425 -0.521424 -0.135681  439.333649874
4.13719558698 0.873000266238 -3.28858777385 1.89289806936 1.22119458657  -0.13065 3.302832 2.6398 0.546771 0.017395  444.400296926
5.14139762333 1.98159984308 -3.98050784784 1.66900428306 1.6730087075  0.44421 -2.0904 1.7889 0.358479 0.076538  449.466991901
5.11969848176 0.705710457434 -3.00369244406 1.81929188092 1.890309574  -0.0 5.973318 2.3584 0.412794 -0.006958  454.533645868
2.16869578249 1.22459684405 -4.30049476757 1.77190250441 4.55210138338  -1.808196 2.027688 3.60125 0.731442 -0.038269  459.600315809
2.32739655753 1.15449502337 -4.03190430365 1.7119025095 4.92887126289  -0.02613 4.133766 1.79895 0.340374 0.017395  464.633654833
4.56330429824 1.96549918073 -2.38800311581 1.01761053306 3.90139347403  0.324012 -8.3616 -3.11885 -0.112251 0.100891  469.700264931
5.0466967294 1.26210464096 -1.85030382518 1.65559720455 3.85800852196  0.428532 -1.113138 -2.37515 -0.452625 -0.017395  474.733665943
3.86089654078 0.653300233838 -1.43369722339 1.76409277056 3.69590676581  0.229944 -0.2613 -2.6331 -0.347616 -0.052185  479.766997814
3.00660486156 0.756298154523 -0.919104346734 1.47999987433 1.34150431087  0.13065 -1.034748 -3.8257 -0.7242 -0.031311  484.83364892
0.759701546564 0.651195769529 -4.25509875373 1.74030958674 3.00960151436  -0.0 5.398458 2.83075 0.713337 0.024353  489.866983891
3.02899877842 0.729796001112 -2.1212033597 2.14659273808 1.67039808825  -0.062712 0.674154 -0.0737 -0.105009 -0.010437  494.933585882
4.7342995753 0.690898653609 -2.43759315585 1.78320781318 0.80219019737  0.972036 3.47529 1.1926 0.311406 -0.027832  499.966957808
4.79260028512 1.87819915411 -4.32468503101 1.88110603496 4.59639341501  -0.329238 -0.297882 3.2495 0.514182 -0.017395  505.000348806
