2.91129981519 1.75827489608 -1.90091488283 1.35230077013 2.99480063066  -0.041808 -9.4068 -6.18745 -1.937235 0.55664  5.03374409676
1.32320459039 1.55349742879 -3.63447712501 1.19249989874 2.81139356658  -0.162006 2.461446 5.7754 1.99155 -0.674926  10.1007959843
2.60659553542 1.52999589913 -3.60789925116 1.20900432212 3.28940237555  0.580086 3.391674 3.0284 2.277609 -0.560119  15.1670119762
2.02669982223 1.35620138246 -1.95081908214 1.30849546411 3.55039792861  0.146328 -5.607498 -4.0267 -0.307785 0.327026  20.2003309727
2.92910217356 1.53459752683 -3.61697845393 1.18761051862 2.70780950458  0.31356 1.693224 5.97975 2.114664 -0.542724  25.2671289444
2.93230418146 1.51750001296 -3.61909902897 1.1748007852 2.78980064806  -0.062712 3.731364 4.8173 2.277609 -0.55664  30.3003029823
2.91150119934 1.73659589293 -1.92870226986 1.36230076928 3.01099531955  0.02613 -6.239844 -7.23935 -1.578756 0.389648  35.333630085
2.89980078054 0.869999642485 -2.11790468742 1.08440256279 2.76699091549  0.036582 2.618226 0.3417 0.517803 -0.365295  40.367082119
2.9253967053 0.804801525716 -2.39549581429 0.972499917421 3.00261036451  0.067938 7.044648 3.1423 1.111647 -0.420959  45.4003961086
2.8995993964 0.825101047478 -2.48060155927 0.980309651272 2.99730063044  -0.047034 6.548178 3.43375 2.10018 -0.316589  50.4670031071
2.90049555584 0.831797070281 -2.66570419842 0.967300802819 3.06079620027  -0.05226 5.727696 4.9312 2.035002 -0.299194  55.5336661339
2.90199586772 1.76520251065 -1.94269806513 1.34738926612 2.97679178263  -0.073164 -8.189142 -5.13555 -1.55703 0.633178  60.5670039654
2.93449926863 1.51480146543 -3.59079327916 1.18280963408 2.76999976479  0.648024 3.412578 3.8659 2.158116 -0.539245  65.6003119946
2.91190396762 1.70049778503 -2.56870752524 1.20530963217 4.61511022758  0.41808 -3.548454 -1.5343 0.742305 0.017395  70.6337399483
2.89479638455 1.76370219877 -1.9114078023 1.34630519541 2.59119447024  0.10452 -8.037588 -7.4705 -1.84671 0.236572  75.7003469467
2.90990019539 0.77030442177 -2.34450776552 0.944889300297 2.86030949163  0.073164 7.776288 3.27295 2.085696 -0.584472  80.7670640945
2.91789514592 1.77148569596 -1.92879651763 1.35369457532 2.93400417564  0.162006 -15.019524 -4.91445 -1.578756 0.333984  85.8336801529
2.91300151121 1.50920298621 -3.56610036091 1.20179193335 3.32809706253  -0.099294 2.022462 5.47055 1.886541 -0.584472  90.9003341198
2.92040237852 1.5300965912 -3.6272985858 1.17829636012 2.89360594898  -0.0 2.32557 5.5007 1.803258 -0.994994  95.9669859409
2.91780452306 0.851703892961 -2.57849358636 0.95710168864 2.96949089829  0.454662 7.164846 3.71515 2.060349 -0.636657  101.000373125
2.90209655979 1.47529996549 -3.54379505307 1.19170343863 3.34070768093  -0.02613 4.745208 4.623 2.252262 -0.514892  106.066969156
2.90290209637 0.79510487916 -2.37879824933 0.961194608647 3.01710151372  -0.334464 6.642246 1.8358 1.491852 -0.619262  111.100325108
2.92910217356 0.840698249466 -2.54390465124 0.978694607161 2.84840683778  -0.10452 2.304666 3.93625 2.440554 -1.054137  116.133666992
2.92819594491 0.968003236387 -1.5740007513 1.42559722408 2.83849533419  -0.412854 -3.26625 -5.28295 -1.285455 0.45227  121.16712904
2.93539542808 1.38189799929 -3.38047935897 1.13659282384 2.74219003264  0.125424 2.550288 4.4153 2.205189 -0.789733  126.233711958
2.89509846077 0.836811535478 -2.54709336779 0.961194608647 2.97039797786  0.381498 7.02897 3.2495 1.542546 -0.372253  131.301320076
2.92289954191 0.782498231717 -2.35500068498 0.959800803456 2.84909267843  0.13065 5.947188 2.2244 1.245624 -1.106322  136.367061138
2.89479638455 1.4702955695 -3.54819328278 1.16210167123 2.63880508566  0.062712 4.269642 6.11375 1.538925 -0.549682  141.433797121
2.91529729046 1.76060088295 -1.93712173817 1.36011050398 2.90849532825  0.020904 -6.156228 -7.03165 -1.821363 0.52185  146.500326157
2.89509846077 0.798598894067 -2.3945062126 0.959203458374 3.00650416949  0.109746 6.239844 2.3852 1.55703 -0.615783  151.533781052
2.90689957164 1.69219068908 -2.50059779651 1.20980078223 1.25889369841  0.073164 -8.23095 -3.015 -0.532287 -0.06958  156.600419998
2.90580202805 1.76700489874 -1.91839784595 1.34400431065 3.04280947614  0.39195 -7.426146 -7.0685 -1.336149 0.59143  161.66703701
2.89830046867 0.808799000984 -2.43930532384 0.96030965297 2.82469002563  0.297882 3.86724 3.3567 1.491852 -0.469665  166.733682156
2.92180199833 1.52469949613 -3.62459681612 1.18261051905 2.83362807797  0.240396 1.813422 5.02165 2.002413 -0.716674  171.767001152
2.9154986746 1.76719621368 -1.91131355452 1.33639369183 3.07389354429  -0.020904 -10.509486 -7.42025 -1.897404 0.500976  176.833611012
2.90519787561 1.44599857247 -3.53989947818 1.15488928247 3.23980060985  0.125424 2.963142 5.98645 1.973445 -0.688842  181.867349148
2.92490331415 1.61811153154 -1.84579563973 1.38369457277 2.91159267312  -0.344916 -5.267808 -7.4839 -1.781532 0.45227  186.933655977
2.91000088746 0.798498201995 -2.34540311943 0.967699032873 2.73829622766  0.475566 5.220774 2.87095 1.709112 -0.723632  192.000307083
2.90679887956 1.503604507 -3.61149637475 1.16988928119 2.59230066483  0.595764 1.996332 6.21425 1.596861 -0.420959  197.033687115
2.89819977659 0.835603230612 -2.5133055388 0.978495492134 3.05170328069  0.10452 6.265974 2.64315 2.071212 -0.688842  202.067075968
2.91519659839 1.76599797802 -1.92560780109 1.34699103606 2.86960152624  0.120198 -11.638302 -4.757 -1.879299 0.3479  207.133708
2.89590399735 1.57079632679 -1.85009962166 1.37860607763 2.87659267609  0.632346 -5.502978 -3.82235 -1.549788 0.288757  212.167057991
2.91290081914 1.70430394537 -2.58549933798 1.2117919325 4.63050845636  -0.088842 -4.38984 -1.12895 0.955944 0.076538  217.233682156
2.92450054586 1.69329830187 -2.54880553578 1.19219016425 1.15749990171  0.245622 -6.443658 -3.2763 -0.673506 0.076538  222.266987085
2.91819722214 0.826299283137 -2.55650243779 0.957389299236 2.76150419029  -0.203814 7.049874 2.99155 1.767048 -0.365295  227.300315142
2.93380449334 1.54810033371 -3.62640323189 1.19719016383 2.74039799739  -0.0 1.484184 5.74525 1.897404 -0.528808  232.333696127
2.89450437754 1.56850054755 -3.61570610891 1.22238927673 3.32400414253  -0.402402 1.714128 3.33995 2.382618 -0.337463  237.400417089
2.90120040035 1.75770095127 -1.91561753645 1.35590696451 2.52469005111  -0.0 -11.83689 -6.36835 -2.111043 0.400085  242.466977119
2.92340300227 0.79340318314 -2.40030245105 0.954999918907 3.00780947911  -0.0 6.177132 3.5242 1.958961 -0.883666  247.500421047
2.89580330528 1.4919040882 -3.5578065563 1.1959069781 3.33238909757  0.742092 2.383056 5.0987 2.465901 -0.560119  252.567026138
2.92460123793 1.76070157502 -1.9166228461 1.3405972313 3.08119442863  0.02613 -11.15751 -7.26615 -1.879299 0.615783  257.633742094
2.91720037062 1.75599925525 -1.96429651462 1.37199103394 3.03710151202  -0.057486 -7.154394 -3.92955 -1.926372 0.654052  262.700366974
2.91519659839 1.76060088295 -1.93140403954 1.34210165595 2.94829620983  0.162006 -8.993946 -6.566 -1.100784 0.580993  267.733710051
2.91999961023 1.76530320272 -1.91360691715 1.34369457617 2.56449093268  -0.005226 -9.166404 -6.0635 -1.560651 0.118286  272.800320148
2.92460123793 1.31590441515 -2.91739289387 1.11480079029 2.46610598528  0.07839 1.118364 3.16575 1.010259 -0.288757  277.833653927
2.92460123793 1.76309804634 -1.90060072357 1.32960165701 3.18090680954  0.047034 -11.606946 -7.2293 -1.459263 0.598388  282.866974115
2.89469569248 1.75030008396 -1.93119983601 1.36300873382 2.52511040505  -0.2613 -6.354816 -4.5426 -2.31744 0.285278  287.933665037
2.91669691026 1.74579914833 -1.92799541151 1.33219015237 3.56199084798  0.151554 -5.785182 -4.6967 -0.709716 0.476623  293.000307083
2.89870323696 1.70720387705 -2.59869402712 1.22369458636 4.62920314674  -0.344916 -5.267808 -0.98825 0.908871 0.013916  298.033636093
2.89450437754 1.6991988573 -2.52549491829 1.19320786328 1.17019901568  -0.203814 -7.08123 -3.1423 -0.850935 -0.076538  303.067090034
2.91809653007 1.77049891365 -1.94042041045 1.34559723087 2.86511037618  -0.428532 -12.558078 -6.03335 -1.55703 0.702758  308.133723021
2.90399963995 1.75429755923 -1.92370713754 1.34849546072 3.0694908898  -0.0 -6.469788 -3.7185 -2.006034 0.671447  313.200333118
2.91880137457 1.54759687335 -3.6329848685 1.20929193271 3.3534067949  -0.031356 3.548454 5.1925 2.755581 -0.633178  318.233776093
2.89459500041 1.75490171166 -1.87840537147 1.35150431002 3.33610591141  -0.18291 -6.354816 -6.29465 -1.419432 0.400085  323.300398111
2.91659621819 1.73020194634 -1.91209895268 1.3657963442 3.12880504406  0.02613 -15.05088 -3.88935 -1.093542 0.424438  328.333635092
2.92470193001 1.75279724735 -1.86830515109 1.36469014961 2.77449091485  -0.031356 -11.068668 -7.2829 -1.470126 0.448791  333.366997957
2.9253967053 1.51399592885 -3.59750057948 1.19800874783 3.34869440592  0.250848 2.842944 5.3935 2.096559 -0.511413  338.400373936
2.91880137457 1.75699610676 -1.91142351026 1.35800873424 2.9817917822  -0.0 -12.275874 -6.3516 -1.948098 0.441833  343.467106104
2.91330358743 0.796101730676 -2.41709426378 0.956592839126 3.01969000907  0.151554 7.635186 2.91785 1.948098 -0.814086  348.533674955
2.90649680335 0.843698873219 -2.55769624299 0.980707881326 2.7305086177  0.329238 5.795634 3.92285 1.886541 -1.033263  353.567319155
2.93520411314 1.69049906226 -2.50920576039 1.18488927992 1.22969016107  0.10452 -9.11937 -2.6331 -0.568497 -0.010437  358.633685112
2.9193954578 1.75449894337 -1.94612240112 1.36679191934 2.84499975842  0.57486 -7.849452 -5.96635 -1.404948 0.608825  363.700417995
2.91490459138 1.76329943049 -1.92279607567 1.34409280622 2.79150418774  -0.0 -9.992112 -6.22095 -1.314423 0.532287  368.766955137
2.89850185281 1.54589517733 -3.65599703469 1.20139370329 2.70380508014  -0.0 4.478682 5.55765 2.42607 -0.403564  373.800632954
2.92210407454 1.548503102 -3.6526983624 1.19460166847 2.7474997667  0.162006 1.024296 3.74865 1.618587 -0.494018  378.867529154
2.93409650034 1.77179784138 -1.94370337478 1.34710165552 2.93909267078  -0.083616 -12.631242 -4.70005 -2.067591 0.414001  383.933644056
2.90359687167 1.75459963544 -1.96809784173 1.36920342356 2.88949090509  -0.109746 -6.731088 -4.4488 -2.121906 0.424438  388.967002153
2.9154986746 0.779809753389 -2.38999802714 0.954291954366 2.78710153325  -0.02613 7.347756 2.84415 1.734459 -0.76538  394.000406981
2.8989046211 0.801096057458 -2.41949758216 0.986703456038 3.12849530957  0.292656 2.50848 1.9899 1.408569 -0.779296  399.067014933
2.89450437754 0.770395044635 -2.36379714441 0.940796380291 2.94238913068  -0.0 8.377278 1.9966 1.285455 -0.838439  404.133635044
2.91519659839 1.76589728595 -1.91399961624 1.3457963459 2.58139358611  0.151554 -12.740988 -4.6632 -1.824984 0.327026  409.167073011
2.91649552612 1.76240327104 -1.93550381795 1.35570784948 2.98869443648  0.18291 -8.497476 -4.81395 -1.535304 0.580993  414.233654022
2.90649680335 0.833297382157 -2.45620709232 0.980398146839 2.67920331232  0.177684 3.987438 2.3986 1.549788 -0.473144  419.267023087
2.91369628651 1.75999673052 -1.93669762316 1.355398115 3.02809708801  0.109746 -7.18575 -5.1858 -1.52082 0.434875  424.300406933
2.92020099438 1.5715011713 -3.64030477938 1.22511051544 3.32179175333  0.397176 1.343082 5.77875 1.676523 -0.629699  429.36710906
2.9173010627 1.76469905029 -1.92931488042 1.34219015152 3.03900416673  -0.177684 -12.626016 -6.67655 -1.589619 0.448791  434.433633089
2.93539542808 0.838795169301 -2.49139293004 0.98511053582 2.67309711815  0.135876 6.182358 2.07365 1.470126 -0.640136  439.467033148
2.92880009735 1.48829931202 -3.57678177593 1.16409282151 2.67079623339  0.125424 1.93362 4.8374 2.28123 -0.97412  444.50029707
2.9094974271 1.67149846823 -2.48350753248 1.18429193484 1.24030962919  0.07839 -5.137158 -3.9731 -0.811104 -0.146118  449.533683062
2.90939673503 1.44119556063 -3.49530457046 1.16199105177 2.69309711645  0.282204 2.074722 5.628 2.009655 -0.62622  454.567044973
2.92450054586 1.76189981068 -1.92359718179 1.35969015003 2.9184953274  0.39195 -12.33336 -4.8374 -2.140011 0.285278  459.633667946
2.89649808057 1.66910199691 -1.90309828973 1.36840696345 2.9598891292  0.271752 -8.1003 -6.2578 -1.683765 0.407043  464.700284958
2.93429788449 1.47410172983 -3.5306946117 1.19659281875 3.3386059112  0.167232 2.210598 4.0602 2.494869 -0.681884  469.733705044
2.89459500041 1.75609994732 -1.93932085302 1.36139368971 2.50309713259  -0.146328 -13.786188 -6.0233 -2.194326 0.358337  474.767421007
2.91509590631 1.76329943049 -1.88619652125 1.3469025405 3.03539797234  0.33969 -6.882642 -6.8876 -1.868436 0.73059  479.833635092
2.91490459138 1.57249802282 -1.81940626144 1.36999988367 2.8996015237  -0.2613 -5.638854 -3.66825 -1.824984 0.393127  484.867002964
2.89469569248 1.7582950345 -1.95059917065 1.35988926506 2.91550860199  -0.33969 -7.818096 -4.6364 -1.95534 0.45227  489.900377035
2.91389767066 0.816612705789 -2.47739713477 0.961504343134 2.88110595004  -0.0 6.621342 3.149 1.455642 -0.587951  494.9669981
2.8963973885 1.52540434063 -3.61360124183 1.1799998998 2.68960154153  0.099294 2.006784 6.1774 1.640313 -0.706237  500.033663988
2.91829791421 1.66620206523 -2.55959690655 1.19159281917 1.16190255621  -0.20904 -4.67727 -2.70345 -0.575739 -0.0  505.100513935
